
$orca_hessian_file

$act_atom
  0

$act_coord
  0

$act_energy
      -40.489489

$multiplicity
  1

$hessian
15
                    0                  1                  2                  3                  4        
    0      5.5579705417E-01   1.5014449999E-07   8.8120735000E-06  -1.3900185778E-01  -9.3784675138E-02
    1      1.5014449999E-07   5.5578138941E-01   1.4055455000E-06  -9.3770954104E-02  -1.3899487833E-01
    2      8.8120735000E-06   1.4055455000E-06   5.5578830947E-01  -9.3783241733E-02  -9.3773103877E-02
    3     -1.3900185778E-01  -9.3770954104E-02  -9.3783241733E-02   1.4706021671E-01   1.0274377705E-01
    4     -9.3784675138E-02  -1.3899487833E-01  -9.3773103877E-02   1.0274377705E-01   1.4705328043E-01
    5     -9.3783298495E-02  -9.3777184113E-02  -1.3900797610E-01   1.0274994687E-01   1.0274600146E-01
    6     -1.3900242768E-01  -9.3777349086E-02   9.3785182861E-02  -1.0603082740E-02  -8.9495802112E-03
    7     -9.3780371257E-02  -1.3899874552E-01   9.3770995807E-02  -8.9583427092E-03  -1.0600034004E-02
    8      9.3776611779E-02   9.3781954886E-02  -1.3900548014E-01  -1.1534715324E-02  -1.1532526825E-02
    9     -1.3899498965E-01   9.3774145837E-02  -9.3778805145E-02  -1.0604238448E-02   1.1536682506E-02
   10      9.3783190216E-02  -1.3899626303E-01   9.3780533769E-02  -1.1540991538E-02   1.3199876811E-02
   11     -9.3782837382E-02   9.3776755689E-02  -1.3900138484E-01  -8.9514988613E-03   1.1534511314E-02
   12     -1.3879777906E-01   9.3774007210E-02   9.3768051945E-02   1.3148962261E-02  -1.1546204203E-02
   13      9.3781706033E-02  -1.3879150253E-01  -9.3779831244E-02   1.1526511304E-02  -1.0658244906E-02
   14      9.3780712023E-02  -9.3782932008E-02  -1.3877346839E-01   1.1519509047E-02  -8.9748820767E-03
                    5                  6                  7                  8                  9        
    0     -9.3783298495E-02  -1.3900242768E-01  -9.3780371257E-02   9.3776611779E-02  -1.3899498965E-01
    1     -9.3777184113E-02  -9.3777349086E-02  -1.3899874552E-01   9.3781954886E-02   9.3774145837E-02
    2     -1.3900797610E-01   9.3785182861E-02   9.3770995807E-02  -1.3900548014E-01  -9.3778805145E-02
    3      1.0274994687E-01  -1.0603082740E-02  -8.9583427092E-03  -1.1534715324E-02  -1.0604238448E-02
    4      1.0274600146E-01  -8.9495802112E-03  -1.0600034004E-02  -1.1532526825E-02   1.1536682506E-02
    5      1.4706718475E-01   1.1535771523E-02   1.1526991900E-02   1.3200767515E-02  -8.9569395603E-03
    6      1.1535771523E-02   1.4705236376E-01   1.0274236062E-01  -1.0274060374E-01   1.3198916242E-02
    7      1.1526991900E-02   1.0274236062E-01   1.4706089446E-01  -1.0274206685E-01  -1.1531487854E-02
    8      1.3200767515E-02  -1.0274060374E-01  -1.0274206685E-01   1.4705978358E-01   1.1536627908E-02
    9     -8.9569395603E-03   1.3198916242E-02  -1.1531487854E-02   1.1536627908E-02   1.4705265406E-01
   10     -1.1537828812E-02   1.1534224688E-02  -1.0605076272E-02   8.9567089433E-03  -1.0274301701E-01
   11     -1.0601087514E-02  -1.1535440259E-02   8.9579225996E-03  -1.0601451552E-02   1.0274436642E-01
   12     -1.1545480338E-02  -1.0645769585E-02   1.1527841205E-02   8.9620793722E-03  -1.0652342204E-02
   13     -8.9579804402E-03  -1.1549656007E-02   1.3142961333E-02   1.1535929846E-02   8.9636765232E-03
   14     -1.0658888648E-02   8.9550896147E-03  -1.1513843457E-02  -1.0653619401E-02  -1.1545249627E-02
                   10                 11                 12                 13                 14        
    0      9.3783190216E-02  -9.3782837382E-02  -1.3879777906E-01   9.3781706033E-02   9.3780712023E-02
    1     -1.3899626303E-01   9.3776755689E-02   9.3774007210E-02  -1.3879150253E-01  -9.3782932008E-02
    2      9.3780533769E-02  -1.3900138484E-01   9.3768051945E-02  -9.3779831244E-02  -1.3877346839E-01
    3     -1.1540991538E-02  -8.9514988613E-03   1.3148962261E-02   1.1526511304E-02   1.1519509047E-02
    4      1.3199876811E-02   1.1534511314E-02  -1.1546204203E-02  -1.0658244906E-02  -8.9748820767E-03
    5     -1.1537828812E-02  -1.0601087514E-02  -1.1545480338E-02  -8.9579804402E-03  -1.0658888648E-02
    6      1.1534224688E-02  -1.1535440259E-02  -1.0645769585E-02  -1.1549656007E-02   8.9550896147E-03
    7     -1.0605076272E-02   8.9579225996E-03   1.1527841205E-02   1.3142961333E-02  -1.1513843457E-02
    8      8.9567089433E-03  -1.0601451552E-02   8.9620793722E-03   1.1535929846E-02  -1.0653619401E-02
    9     -1.0274301701E-01   1.0274436642E-01  -1.0652342204E-02   8.9636765232E-03  -1.1545249627E-02
   10      1.4705874890E-01  -1.0274255169E-01   8.9665936489E-03  -1.0657286409E-02   1.1543137790E-02
   11     -1.0274255169E-01   1.4706223152E-01   1.1525410077E-02  -1.1526637915E-02   1.3141692390E-02
   12      8.9665936489E-03   1.1525410077E-02   1.4694692859E-01  -1.0272223786E-01  -1.0271006106E-01
   13     -1.0657286409E-02  -1.1526637915E-02  -1.0272223786E-01   1.4696407251E-01   1.0272851975E-01
   14      1.1543137790E-02   1.3141692390E-02  -1.0271006106E-01   1.0272851975E-01   1.4694428405E-01

$vibrational_frequencies
15
    0        0.0000000000000000
    1        0.0000000000000000
    2        0.0000000000000000
    3        0.0000000000000000
    4        0.0000000000000000
    5        0.0000000000000000
    6     1337.7987256927467570
    7     1337.8761068038047597
    8     1338.8613355862428307
    9     1559.9373906544878992
   10     1560.0561291752405850
   11     3066.5541190077497049
   12     3180.1834434053453151
   13     3180.8450371341004939
   14     3180.9075532046522312

$normal_modes
15 15
                    0                  1                  2                  3                  4        
    0      0.0000000000E+00   0.0000000000E+00   0.0000000000E+00   0.0000000000E+00   0.0000000000E+00
    1      0.0000000000E+00   0.0000000000E+00   0.0000000000E+00   0.0000000000E+00   0.0000000000E+00
    2      0.0000000000E+00   0.0000000000E+00   0.0000000000E+00   0.0000000000E+00   0.0000000000E+00
    3      0.0000000000E+00   0.0000000000E+00   0.0000000000E+00   0.0000000000E+00   0.0000000000E+00
    4      0.0000000000E+00   0.0000000000E+00   0.0000000000E+00   0.0000000000E+00   0.0000000000E+00
    5      0.0000000000E+00   0.0000000000E+00   0.0000000000E+00   0.0000000000E+00   0.0000000000E+00
    6      0.0000000000E+00   0.0000000000E+00   0.0000000000E+00   0.0000000000E+00   0.0000000000E+00
    7      0.0000000000E+00   0.0000000000E+00   0.0000000000E+00   0.0000000000E+00   0.0000000000E+00
    8      0.0000000000E+00   0.0000000000E+00   0.0000000000E+00   0.0000000000E+00   0.0000000000E+00
    9      0.0000000000E+00   0.0000000000E+00   0.0000000000E+00   0.0000000000E+00   0.0000000000E+00
   10      0.0000000000E+00   0.0000000000E+00   0.0000000000E+00   0.0000000000E+00   0.0000000000E+00
   11      0.0000000000E+00   0.0000000000E+00   0.0000000000E+00   0.0000000000E+00   0.0000000000E+00
   12      0.0000000000E+00   0.0000000000E+00   0.0000000000E+00   0.0000000000E+00   0.0000000000E+00
   13      0.0000000000E+00   0.0000000000E+00   0.0000000000E+00   0.0000000000E+00   0.0000000000E+00
   14      0.0000000000E+00   0.0000000000E+00   0.0000000000E+00   0.0000000000E+00   0.0000000000E+00
                    5                  6                  7                  8                  9        
    0      0.0000000000E+00   1.6441502539E-02  -1.0345685520E-01   6.7745528225E-02   1.2374304483E-05
    1      0.0000000000E+00   9.6403767038E-02  -3.2080276910E-02  -7.2388659458E-02  -1.5328525963E-04
    2      0.0000000000E+00  -7.7451387682E-02  -6.1891925387E-02  -7.5722948003E-02   1.2720409254E-04
    3      0.0000000000E+00  -1.3842626302E-02   1.3379514741E-01  -4.7764487413E-01   1.7415266816E-02
    4      0.0000000000E+00  -4.0004968954E-01  -2.1265169852E-01   2.0064758518E-01   3.4528357355E-01
    5      0.0000000000E+00   4.4029787828E-01  -6.8527427309E-02   2.1689355705E-01  -3.6264268671E-01
    6      0.0000000000E+00   2.7505502512E-01   3.6307637121E-01  -1.9564523385E-01  -1.8135281418E-02
    7      0.0000000000E+00  -1.1306471237E-01   1.8344835950E-02   4.8300910866E-01  -3.4432281697E-01
    8      0.0000000000E+00   1.9886124966E-02   4.3641609809E-01   2.3418999166E-01  -3.6204390414E-01
    9      0.0000000000E+00  -3.7265794055E-01   2.5201477661E-01  -2.0807142451E-01  -1.6870196602E-02
   10      0.0000000000E+00  -1.7274847718E-01   4.0335342148E-01   2.3037021044E-01   3.4461727130E-01
   11      0.0000000000E+00   8.2388445681E-02   5.1833516063E-02   4.8662828545E-01   3.6193233336E-01
   12      0.0000000000E+00  -8.4466052515E-02   4.8387192684E-01   7.4127862347E-02   1.7442763018E-02
   13      0.0000000000E+00  -4.6285303946E-01   1.7321158192E-01  -5.1467193215E-02  -3.4375153060E-01
   14      0.0000000000E+00   3.8031308426E-01   3.1776185663E-01  -3.5421825768E-02   3.6123853491E-01
                   10                 11                 12                 13                 14        
    0     -1.1979355011E-04  -7.3546864221E-05   5.1099718223E-02   2.6556608467E-02  -7.2083788115E-02
    1     -9.2632332591E-05   1.0087911614E-04  -5.5205552898E-02   7.2898485453E-02  -1.2278736566E-02
    2     -5.9901292712E-05   9.9510140185E-05  -5.3416190442E-02  -4.9933273362E-02  -5.6264432666E-02
    3     -4.0785736433E-01   2.8815993507E-01   1.9397776792E-01  -1.5215743770E-01   4.3279989383E-01
    4      2.1890971861E-01   2.8829364080E-01   1.7240902646E-01  -1.4285916670E-01   4.4498230470E-01
    5      1.8849403637E-01   2.8831188628E-01   1.7278853643E-01  -1.6762457917E-01   4.3613494625E-01
    6      4.0817962689E-01  -2.8841828466E-01  -1.4714176098E-01  -4.6991478456E-01   7.4798168199E-02
    7     -2.1892959625E-01  -2.8834330213E-01  -1.6865433711E-01  -4.6043610492E-01   8.6851866628E-02
    8      1.8945725030E-01   2.8845705610E-01   1.4665973512E-01   4.6520564632E-01  -1.0067909071E-01
    9      4.0830748640E-01  -2.8845711809E-01  -1.5849697295E-01   3.1165928693E-01   3.5467513992E-01
   10      2.1974507303E-01   2.8847764404E-01   1.5763543712E-01  -2.9160301271E-01  -3.7170870397E-01
   11     -1.8870892022E-01  -2.8835339148E-01  -1.7969457747E-01   2.9614094204E-01   3.5775884604E-01
   12     -4.0720232799E-01   2.8959182819E-01  -4.9722664865E-01  -6.0269697320E-03  -3.3462386016E-03
   13     -2.1862141866E-01  -2.8963002543E-01   4.9642127815E-01   2.6263652594E-02  -1.3816037899E-02
   14     -1.8852860214E-01  -2.8960128135E-01   4.9673624976E-01   1.2666280610E-03  -2.2786030199E-02

#
# The atoms: label  mass x y z (in bohrs)
#
$atoms
5
 C     12.01100      0.000000000000     0.000000000000     0.000000000000
 H      1.00800      1.188860725920     1.188860725920     1.188860725920
 H      1.00800     -1.188860725920    -1.188860725920     1.188860725920
 H      1.00800     -1.188860725920     1.188860725920    -1.188860725920
 H      1.00800      1.188860725920    -1.188860725920    -1.188860725920

$actual_temperature
  0.000000

$frequency_scale_factor
  1.000000

$dipole_derivatives
15
   -2.8086034543E-02   -8.7727426913E-08   -1.2234264108E-07
    1.4672068642E-06   -2.8088587637E-02   -3.8576947318E-07
   -8.9496762494E-08    8.6995706929E-07   -2.8084886294E-02
    8.2185114278E-03   -7.4556231970E-02   -7.4555188140E-02
   -7.4556378921E-02    8.2186717953E-03   -7.4555572244E-02
   -7.4555602649E-02   -7.4556189492E-02    8.2186405713E-03
    8.2180150310E-03   -7.4553371933E-02    7.4553887395E-02
   -7.4553713398E-02    8.2182334164E-03    7.4555335856E-02
    7.4556221787E-02    7.4556959880E-02    8.2189506119E-03
    8.2182025834E-03    7.4554747777E-02   -7.4555263272E-02
    7.4554918997E-02    8.2177022894E-03    7.4555257753E-02
   -7.4556075152E-02    7.4555869438E-02    8.2172089764E-03
    3.4313055012E-03    7.4554943852E-02    7.4556686359E-02
    7.4553706114E-02    3.4339801363E-03   -7.4554635596E-02
    7.4555545511E-02   -7.4557509784E-02    3.4300861342E-03

#
# The IR spectrum
#  wavenumber eps Int TX TY TZ
#
$ir_spectrum
15
      0.00   0.00000000   0.00000000     0.000000     0.000000     0.000000
      0.00   0.00000000   0.00000000     0.000000     0.000000     0.000000
      0.00   0.00000000   0.00000000     0.000000     0.000000     0.000000
      0.00   0.00000000   0.00000000     0.000000     0.000000     0.000000
      0.00   0.00000000   0.00000000     0.000000     0.000000     0.000000
      0.00   0.00000000   0.00000000     0.000000     0.000000     0.000000
   1337.80   0.00375119  18.95696762    -0.003893    -0.022864     0.018360
   1337.88   0.00375143  18.95820198     0.024547     0.007590     0.014658
   1338.86   0.00391797  19.79981109    -0.016433     0.017533     0.018324
   1559.94   0.00000137   0.00694755    -0.000020     0.000363    -0.000378
   1560.06   0.00000132   0.00668762     0.000418     0.000230     0.000193
   3066.55   0.00000142   0.00717294    -0.000215     0.000221     0.000223
   3180.18   0.00491708  24.84888775     0.012179    -0.013132    -0.012718
   3180.85   0.00467322  23.61653906     0.006170     0.016910    -0.011595
   3180.91   0.00467336  23.61726281    -0.016736    -0.002843    -0.013050

$polarizability_derivatives
15
   -2.0044318028E-05    4.3022658858E-05    1.8567036086E-05    1.0089572762E-05   -9.8262860537E-05   -5.4444675435E+00
    2.3788661352E-05    7.0707638855E-06   -2.1335984002E-05    4.9300008897E-05   -5.4444055366E+00    1.9451476827E-04
    1.3605526785E-04   -4.4461581261E-05   -9.3905631005E-05   -5.4444640206E+00    6.7698851999E-05    3.1470831285E-05
    3.3006501592E+00    1.1656169625E+00    1.1656110180E+00    1.8882281753E+00    1.8882861209E+00    1.3570529174E+00
    1.1656992747E+00    3.3005753893E+00    1.1656702151E+00    1.8882622099E+00    1.3571635210E+00    1.8881514939E+00
    1.1656036227E+00    1.1655974623E+00    3.3004847160E+00    1.3571305100E+00    1.8882826428E+00    1.8882704695E+00
   -3.3005216714E+00   -1.1656161499E+00   -1.1656674758E+00   -1.8882098470E+00    1.8882898092E+00    1.3571165726E+00
   -1.1655762147E+00   -3.3005297721E+00   -1.1656860322E+00   -1.8882580762E+00    1.3571766227E+00    1.8881609964E+00
    1.1656011235E+00    1.1656231370E+00    3.3004981113E+00    1.3571678826E+00   -1.8882484386E+00   -1.8883320002E+00
   -3.3005277087E+00   -1.1657119208E+00   -1.1656202196E+00    1.8882212458E+00   -1.8881580727E+00    1.3570672719E+00
    1.1656997958E+00    3.3004905477E+00    1.1656240909E+00   -1.8882645420E+00    1.3571887474E+00   -1.8882298378E+00
   -1.1655917744E+00   -1.1657031577E+00   -3.3006021883E+00    1.3571148195E+00   -1.8883545733E+00    1.8882316544E+00
    3.3004192652E+00    1.1656680855E+00    1.1656581104E+00   -1.8882496637E+00   -1.8883195946E+00    1.3732307816E+00
   -1.1658466445E+00   -3.3005432355E+00   -1.1655869378E+00    1.8882111082E+00    1.3728766454E+00   -1.8882771673E+00
   -1.1657490271E+00   -1.1654729800E+00   -3.3002867333E+00    1.3730508085E+00    1.8882526702E+00   -1.8882015945E+00

#
# The Raman spectrum
#  wavenumber Activity Depolarization
#
$raman_spectrum
15
      0.00       0.0000       0.0000
      0.00       0.0000       0.0000
      0.00       0.0000       0.0000
      0.00       0.0000       0.0000
      0.00       0.0000       0.0000
      0.00       0.0000       0.0000
   1337.80       0.9033       0.7500
   1337.88       0.9030       0.7500
   1338.86       0.9279       0.7500
   1559.94      14.8917       0.7500
   1560.06      14.8913       0.7500
   3066.55     148.0438       0.0000
   3180.18      62.0376       0.7500
   3180.85      61.7687       0.7500
   3180.91      61.7659       0.7500


$end

