
$orca_hessian_file

$act_atom
  0

$act_coord
  0

$act_energy
      -40.489489

$multiplicity
  1

$hessian
15
                    0                  1                  2                  3                  4        
    0      5.5579703682E-01   1.3936900000E-07   8.8238595000E-06  -1.3900185594E-01  -9.3784682217E-02
    1      1.3936900000E-07   5.5578137181E-01   1.4033170000E-06  -9.3770955249E-02  -1.3899487841E-01
    2      8.8238595000E-06   1.4033170000E-06   5.5578829068E-01  -9.3783241429E-02  -9.3773095008E-02
    3     -1.3900185594E-01  -9.3770955249E-02  -9.3783241429E-02   1.4706021576E-01   1.0274377720E-01
    4     -9.3784682217E-02  -1.3899487841E-01  -9.3773095008E-02   1.0274377720E-01   1.4705327946E-01
    5     -9.3783298116E-02  -9.3777179319E-02  -1.3900797387E-01   1.0274994477E-01   1.0274600052E-01
    6     -1.3900242333E-01  -9.3777333760E-02   9.3785193216E-02  -1.0603080251E-02  -8.9495810612E-03
    7     -9.3780351899E-02  -1.3899874789E-01   9.3771005822E-02  -8.9583495367E-03  -1.0600037756E-02
    8      9.3776595057E-02   9.3781960981E-02  -1.3900547876E-01  -1.1534710095E-02  -1.1532535729E-02
    9     -1.3899499014E-01   9.3774140943E-02  -9.3778804222E-02  -1.0604239547E-02   1.1536683743E-02
   10      9.3783197002E-02  -1.3899625938E-01   9.3780530195E-02  -1.1540993440E-02   1.3199877376E-02
   11     -9.3782848200E-02   9.3776751057E-02  -1.3900138346E-01  -8.9514964538E-03   1.1534516150E-02
   12     -1.3879776741E-01   9.3774008697E-02   9.3768028577E-02   1.3148959982E-02  -1.1546197669E-02
   13      9.3781697745E-02  -1.3879148613E-01  -9.3779844325E-02   1.1526521020E-02  -1.0658240669E-02
   14      9.3780727398E-02  -9.3782936037E-02  -1.3877345459E-01   1.1519503210E-02  -8.9748859371E-03
                    5                  6                  7                  8                  9        
    0     -9.3783298116E-02  -1.3900242333E-01  -9.3780351899E-02   9.3776595057E-02  -1.3899499014E-01
    1     -9.3777179319E-02  -9.3777333760E-02  -1.3899874789E-01   9.3781960981E-02   9.3774140943E-02
    2     -1.3900797387E-01   9.3785193216E-02   9.3771005822E-02  -1.3900547876E-01  -9.3778804222E-02
    3      1.0274994477E-01  -1.0603080251E-02  -8.9583495367E-03  -1.1534710095E-02  -1.0604239547E-02
    4      1.0274600052E-01  -8.9495810612E-03  -1.0600037756E-02  -1.1532535729E-02   1.1536683743E-02
    5      1.4706718390E-01   1.1535768557E-02   1.1526985492E-02   1.3200767952E-02  -8.9569388201E-03
    6      1.1535768557E-02   1.4705236236E-01   1.0274235915E-01  -1.0274059843E-01   1.3198916533E-02
    7      1.1526985492E-02   1.0274235915E-01   1.4706089305E-01  -1.0274206956E-01  -1.1531494425E-02
    8      1.3200767952E-02  -1.0274059843E-01  -1.0274206956E-01   1.4705978205E-01   1.1536628014E-02
    9     -8.9569388201E-03   1.3198916533E-02  -1.1531494425E-02   1.1536628014E-02   1.4705265284E-01
   10     -1.1537826286E-02   1.1534218829E-02  -1.0605069051E-02   8.9567063978E-03  -1.0274301301E-01
   11     -1.0601086316E-02  -1.1535435811E-02   8.9579157622E-03  -1.0601444557E-02   1.0274436635E-01
   12     -1.1545476387E-02  -1.0645775308E-02   1.1527836714E-02   8.9620854558E-03  -1.0652339689E-02
   13     -8.9579804085E-03  -1.1549663152E-02   1.3142961651E-02   1.1535937908E-02   8.9636827465E-03
   14     -1.0658891664E-02   8.9550724691E-03  -1.1513837518E-02  -1.0653626685E-02  -1.1545251319E-02
                   10                 11                 12                 13                 14        
    0      9.3783197002E-02  -9.3782848200E-02  -1.3879776741E-01   9.3781697745E-02   9.3780727398E-02
    1     -1.3899625938E-01   9.3776751057E-02   9.3774008697E-02  -1.3879148613E-01  -9.3782936037E-02
    2      9.3780530195E-02  -1.3900138346E-01   9.3768028577E-02  -9.3779844325E-02  -1.3877345459E-01
    3     -1.1540993440E-02  -8.9514964538E-03   1.3148959982E-02   1.1526521020E-02   1.1519503210E-02
    4      1.3199877376E-02   1.1534516150E-02  -1.1546197669E-02  -1.0658240669E-02  -8.9748859371E-03
    5     -1.1537826286E-02  -1.0601086316E-02  -1.1545476387E-02  -8.9579804085E-03  -1.0658891664E-02
    6      1.1534218829E-02  -1.1535435811E-02  -1.0645775308E-02  -1.1549663152E-02   8.9550724691E-03
    7     -1.0605069051E-02   8.9579157622E-03   1.1527836714E-02   1.3142961651E-02  -1.1513837518E-02
    8      8.9567063978E-03  -1.0601444557E-02   8.9620854558E-03   1.1535937908E-02  -1.0653626685E-02
    9     -1.0274301301E-01   1.0274436635E-01  -1.0652339689E-02   8.9636827465E-03  -1.1545251319E-02
   10      1.4705874752E-01  -1.0274255187E-01   8.9665906168E-03  -1.0657296469E-02   1.1543141566E-02
   11     -1.0274255187E-01   1.4706223013E-01   1.1525414117E-02  -1.1526631096E-02   1.3141684207E-02
   12      8.9665906168E-03   1.1525414117E-02   1.4694692243E-01  -1.0272223836E-01  -1.0271005176E-01
   13     -1.0657296469E-02  -1.1526631096E-02  -1.0272223836E-01   1.4696406162E-01   1.0272851792E-01
   14      1.1543141566E-02   1.3141684207E-02  -1.0271005176E-01   1.0272851792E-01   1.4694428873E-01

$vibrational_frequencies
15
    0        0.0000000000000000
    1        0.0000000000000000
    2        0.0000000000000000
    3        0.0000000000000000
    4        0.0000000000000000
    5        0.0000000000000000
    6     1337.7986886634894290
    7     1337.8760567445979177
    8     1338.8613248534954892
    9     1559.9373919029328590
   10     1560.0561262681055723
   11     3066.5540892881426771
   12     3180.1833932206118334
   13     3180.8450267358057317
   14     3180.9075406270017083

$normal_modes
15 15
                    0                  1                  2                  3                  4        
    0      0.0000000000E+00   0.0000000000E+00   0.0000000000E+00   0.0000000000E+00   0.0000000000E+00
    1      0.0000000000E+00   0.0000000000E+00   0.0000000000E+00   0.0000000000E+00   0.0000000000E+00
    2      0.0000000000E+00   0.0000000000E+00   0.0000000000E+00   0.0000000000E+00   0.0000000000E+00
    3      0.0000000000E+00   0.0000000000E+00   0.0000000000E+00   0.0000000000E+00   0.0000000000E+00
    4      0.0000000000E+00   0.0000000000E+00   0.0000000000E+00   0.0000000000E+00   0.0000000000E+00
    5      0.0000000000E+00   0.0000000000E+00   0.0000000000E+00   0.0000000000E+00   0.0000000000E+00
    6      0.0000000000E+00   0.0000000000E+00   0.0000000000E+00   0.0000000000E+00   0.0000000000E+00
    7      0.0000000000E+00   0.0000000000E+00   0.0000000000E+00   0.0000000000E+00   0.0000000000E+00
    8      0.0000000000E+00   0.0000000000E+00   0.0000000000E+00   0.0000000000E+00   0.0000000000E+00
    9      0.0000000000E+00   0.0000000000E+00   0.0000000000E+00   0.0000000000E+00   0.0000000000E+00
   10      0.0000000000E+00   0.0000000000E+00   0.0000000000E+00   0.0000000000E+00   0.0000000000E+00
   11      0.0000000000E+00   0.0000000000E+00   0.0000000000E+00   0.0000000000E+00   0.0000000000E+00
   12      0.0000000000E+00   0.0000000000E+00   0.0000000000E+00   0.0000000000E+00   0.0000000000E+00
   13      0.0000000000E+00   0.0000000000E+00   0.0000000000E+00   0.0000000000E+00   0.0000000000E+00
   14      0.0000000000E+00   0.0000000000E+00   0.0000000000E+00   0.0000000000E+00   0.0000000000E+00
                    5                  6                  7                  8                  9        
    0      0.0000000000E+00   1.6438324346E-02  -1.0345906878E-01   6.7742918155E-02   1.2378210137E-05
    1      0.0000000000E+00   9.6402936289E-02  -3.2081290875E-02  -7.2389317334E-02  -1.5331661163E-04
    2      0.0000000000E+00  -7.7453098712E-02  -6.1887698789E-02  -7.5724655206E-02   1.2720677290E-04
    3      0.0000000000E+00  -1.3837879537E-02   1.3380770634E-01  -4.7764154038E-01   1.7375386373E-02
    4      0.0000000000E+00  -4.0005622520E-01  -2.1264491303E-01   2.0064148769E-01   3.4530505127E-01
    5      0.0000000000E+00   4.4029543750E-01  -6.8546024934E-02   2.1689262408E-01  -3.6262433424E-01
    6      0.0000000000E+00   2.7506612147E-01   3.6307325503E-01  -1.9563547218E-01  -1.8095557124E-02
    7      0.0000000000E+00  -1.1306505041E-01   1.8335846866E-02   4.8300940758E-01  -3.4434410759E-01
    8      0.0000000000E+00   1.9898599405E-02   4.3640949051E-01   2.3420123173E-01  -3.6202541910E-01
    9      0.0000000000E+00  -3.7265009757E-01   2.5203112671E-01  -2.0806554972E-01  -1.6830322888E-02
   10      0.0000000000E+00  -1.7273684425E-01   4.0335273072E-01   2.3038017288E-01   3.4463873217E-01
   11      0.0000000000E+00   8.2389257330E-02   5.1818687661E-02   4.8662967156E-01   3.6191396523E-01
   12      0.0000000000E+00  -8.4451868291E-02   4.8387251028E-01   7.4139992878E-02   1.7402998915E-02
   13      0.0000000000E+00  -4.6284789975E-01   1.7322655837E-01  -5.1463518038E-02  -3.4377280499E-01
   14      0.0000000000E+00   3.8032262703E-01   3.1775152747E-01  -3.5413176502E-02   3.6122003359E-01
                   10                 11                 12                 13                 14        
    0     -1.1979533252E-04  -7.3537027359E-05   5.1099596172E-02   2.6591813118E-02  -7.2070895776E-02
    1     -9.2612760416E-05   1.0088333894E-04  -5.5206122435E-02   7.2903961091E-02  -1.2243611002E-02
    2     -5.9900708353E-05   9.9525467563E-05  -5.3415717556E-02  -4.9906531578E-02  -5.6288599194E-02
    3     -4.0785900901E-01   2.8815983700E-01   1.9397848247E-01  -1.5236479850E-01   4.3272669856E-01
    4      2.1887602723E-01   2.8829353767E-01   1.7240962541E-01  -1.4307261753E-01   4.4491357003E-01
    5      1.8852938955E-01   2.8831179114E-01   1.7278933878E-01  -1.6783374059E-01   4.3605423327E-01
    6      4.0818137363E-01  -2.8841826920E-01  -1.4713812799E-01  -4.6995202391E-01   7.4571026624E-02
    7     -2.1889605543E-01  -2.8834329560E-01  -1.6865076640E-01  -4.6047934040E-01   8.6629269949E-02
    8      1.8949254600E-01   2.8845705640E-01   1.4665614064E-01   4.6525540482E-01  -1.0045421835E-01
    9      4.0830915598E-01  -2.8845719184E-01  -1.5849995627E-01   3.1148673627E-01   3.5482532480E-01
   10      2.1971140131E-01   2.8847772557E-01   1.5763825555E-01  -2.9142223229E-01  -3.7184917976E-01
   11     -1.8874431083E-01  -2.8835345910E-01  -1.7969742074E-01   2.9596671690E-01   3.5790148031E-01
   12     -4.0720407839E-01   2.8959186733E-01  -4.9722655855E-01  -6.0293060782E-03  -3.3497075583E-03
   13     -2.1858782960E-01  -2.8963006067E-01   4.9642107647E-01   2.6274312589E-02  -1.3802775543E-02
   14     -1.8856386737E-01  -2.8960130153E-01   4.9673625041E-01   1.2816097209E-03  -2.2784863361E-02

#
# The atoms: label  mass x y z (in bohrs)
#
$atoms
5
 C     12.01100      0.000000000000     0.000000000000     0.000000000000
 H      1.00800      1.188860725920     1.188860725920     1.188860725920
 H      1.00800     -1.188860725920    -1.188860725920     1.188860725920
 H      1.00800     -1.188860725920     1.188860725920    -1.188860725920
 H      1.00800      1.188860725920    -1.188860725920    -1.188860725920

$actual_temperature
  0.000000

$frequency_scale_factor
  1.000000

$dipole_derivatives
15
   -2.8086137056E-02   -1.2995786070E-07   -7.9585353142E-08
    1.0436832201E-06   -2.8088688866E-02    1.5176383208E-07
   -8.7206209866E-08    8.5858562472E-07   -2.8084988233E-02
    8.2185277956E-03   -7.4556230781E-02   -7.4555113743E-02
   -7.4556372406E-02    8.2186937451E-03   -7.4555501573E-02
   -7.4555564763E-02   -7.4556151627E-02    8.2186620731E-03
    8.2180450877E-03   -7.4553378358E-02    7.4553795273E-02
   -7.4554012154E-02    8.2182617855E-03    7.4554950812E-02
    7.4556733141E-02    7.4556352557E-02    8.2189683042E-03
    8.2182312112E-03    7.4554709319E-02   -7.4555225560E-02
    7.4554773969E-02    8.2177153862E-03    7.4555311244E-02
   -7.4556058785E-02    7.4555807846E-02    8.2172344111E-03
    3.4313329616E-03    7.4555029778E-02    7.4556623616E-02
    7.4554566908E-02    3.4340179496E-03   -7.4554912247E-02
    7.4554977613E-02   -7.4556867361E-02    3.4301234451E-03

#
# The IR spectrum
#  wavenumber eps Int TX TY TZ
#
$ir_spectrum
15
      0.00   0.00000000   0.00000000     0.000000     0.000000     0.000000
      0.00   0.00000000   0.00000000     0.000000     0.000000     0.000000
      0.00   0.00000000   0.00000000     0.000000     0.000000     0.000000
      0.00   0.00000000   0.00000000     0.000000     0.000000     0.000000
      0.00   0.00000000   0.00000000     0.000000     0.000000     0.000000
      0.00   0.00000000   0.00000000     0.000000     0.000000     0.000000
   1337.80   0.00375119  18.95697459    -0.003893    -0.022864     0.018361
   1337.88   0.00375144  18.95822955     0.024548     0.007590     0.014657
   1338.86   0.00391796  19.79976674    -0.016432     0.017533     0.018324
   1559.94   0.00000137   0.00694827    -0.000020     0.000363    -0.000378
   1560.06   0.00000132   0.00668747     0.000418     0.000230     0.000193
   3066.55   0.00000142   0.00717248    -0.000215     0.000221     0.000223
   3180.18   0.00491708  24.84888699     0.012179    -0.013132    -0.012718
   3180.85   0.00467320  23.61645716     0.006178     0.016912    -0.011589
   3180.91   0.00467336  23.61724662    -0.016733    -0.002835    -0.013056

$polarizability_derivatives
15
   -2.0182988258E-05    4.0857588601E-05    1.8232121946E-05    1.0785783432E-05   -9.8169772036E-05   -5.4444678313E+00
    2.2414201517E-05    6.8197460124E-06   -2.1532001071E-05    4.8118454593E-05   -5.4444055662E+00    1.9555364187E-04
    1.3564601016E-04   -4.4884732908E-05   -9.4417945107E-05   -5.4444645116E+00    6.7654798645E-05    3.1356311394E-05
    3.3006501565E+00    1.1656168365E+00    1.1656111417E+00    1.8882281422E+00    1.8882861523E+00    1.3570529026E+00
    1.1656993488E+00    3.3005754042E+00    1.1656701314E+00    1.8882622508E+00    1.3571635183E+00    1.8881514529E+00
    1.1656036105E+00    1.1655974474E+00    3.3004847487E+00    1.3571305120E+00    1.8882826432E+00    1.8882704653E+00
   -3.3005216687E+00   -1.1656160568E+00   -1.1656675478E+00   -1.8882097072E+00    1.8882899655E+00    1.3571165758E+00
   -1.1655762280E+00   -3.3005296913E+00   -1.1656859666E+00   -1.8882584205E+00    1.3571766175E+00    1.8881607061E+00
    1.1656011244E+00    1.1656231295E+00    3.3004981069E+00    1.3571678736E+00   -1.8882478584E+00   -1.8883325943E+00
   -3.3005277037E+00   -1.1657119214E+00   -1.1656202132E+00    1.8882212503E+00   -1.8881580799E+00    1.3570672683E+00
    1.1657010270E+00    3.3004904299E+00    1.1656238251E+00   -1.8882646748E+00    1.3571887508E+00   -1.8882296977E+00
   -1.1655916222E+00   -1.1657032090E+00   -3.3006022029E+00    1.3571148201E+00   -1.8883545948E+00    1.8882316458E+00
    3.3004193988E+00    1.1656702841E+00    1.1656583871E+00   -1.8882504711E+00   -1.8883198681E+00    1.3732310846E+00
   -1.1658465619E+00   -3.3005429626E+00   -1.1655864580E+00    1.8882127261E+00    1.3728766796E+00   -1.8882780149E+00
   -1.1657487587E+00   -1.1654724831E+00   -3.3002862348E+00    1.3730513058E+00    1.8882521551E+00   -1.8882008731E+00

#
# The Raman spectrum
#  wavenumber Activity Depolarization
#
$raman_spectrum
15
      0.00       0.0000       0.0000
      0.00       0.0000       0.0000
      0.00       0.0000       0.0000
      0.00       0.0000       0.0000
      0.00       0.0000       0.0000
      0.00       0.0000       0.0000
   1337.80       0.9033       0.7500
   1337.88       0.9030       0.7500
   1338.86       0.9279       0.7500
   1559.94      14.8917       0.7500
   1560.06      14.8912       0.7500
   3066.55     148.0438       0.0000
   3180.18      62.0377       0.7500
   3180.85      61.7687       0.7500
   3180.91      61.7659       0.7500


$end

