
$orca_hessian_file

$act_atom
  0

$act_coord
  0

$act_energy
      -76.396020

$multiplicity
  1

$hessian
9
                    0                  1                  2                  3                  4        
    0      7.1694751601E-01  -5.8998500002E-07  -9.9214334256E-07  -3.5852141002E-01  -2.8002762610E-01
    1     -5.8998500002E-07   4.6742862598E-01  -4.6360692958E-07  -2.1847431086E-01  -2.3315096529E-01
    2     -9.9214334256E-07  -4.6360692958E-07  -6.2826047749E-03   1.7536055448E-06  -9.0257138057E-07
    3     -3.5852141002E-01  -2.1847431086E-01   1.7536055448E-06   3.8942099770E-01   2.4912423638E-01
    4     -2.8002762610E-01  -2.3315096529E-01  -9.0257138057E-07   2.4912423638E-01   2.2147726374E-01
    5      1.9750952739E-08   1.0950062053E-07   3.1488840742E-03  -7.7751864660E-07   7.9481885169E-07
    6     -3.5842610599E-01   2.1847490084E-01  -7.6146251562E-07  -3.0899587679E-02   3.0903389665E-02
    7      2.8002821609E-01  -2.3427766069E-01   1.3661781673E-06  -3.0649925474E-02   1.1673701548E-02
    8      9.7239270321E-07   3.5410645190E-07   3.1337207007E-03  -9.7608765936E-07   1.0775211928E-07
                    5                  6                  7                  8        
     0      1.9750952739E-08  -3.5842610599E-01   2.8002821609E-01   9.7239270321E-07
     1      1.0950062053E-07   2.1847490084E-01  -2.3427766069E-01   3.5410645190E-07
     2      3.1488840742E-03  -7.6146251562E-07   1.3661781673E-06   3.1337207007E-03
     3     -7.7751864660E-07  -3.0899587679E-02  -3.0649925474E-02  -9.7608765936E-07
     4      7.9481885169E-07   3.0903389665E-02   1.1673701548E-02   1.0775211928E-07
     5     -4.5135214183E-03   7.5776845503E-07  -9.0431906262E-07   1.3646373441E-03
     6      7.5776845503E-07   3.8932569367E-01  -2.4937829056E-01   3.6945083700E-09
     7     -9.0431906262E-07  -2.4937829056E-01   2.2260395914E-01  -4.6185883793E-07
     8      1.3646373441E-03   3.6945083700E-09  -4.6185883793E-07  -4.4983580448E-03

$vibrational_frequencies
9
    0        0.0000000000000000
    1        0.0000000000000000
    2        0.0000000000000000
    3        0.0000000000000000
    4        0.0000000000000000
    5        0.0000000000000000
    6     1594.1371796724931755
    7     3921.0816031386721079
    8     4029.8145493716779129

$normal_modes
9 9
                    0                  1                  2                  3                  4        
    0      0.0000000000E+00   0.0000000000E+00   0.0000000000E+00   0.0000000000E+00   0.0000000000E+00
    1      0.0000000000E+00   0.0000000000E+00   0.0000000000E+00   0.0000000000E+00   0.0000000000E+00
    2      0.0000000000E+00   0.0000000000E+00   0.0000000000E+00   0.0000000000E+00   0.0000000000E+00
    3      0.0000000000E+00   0.0000000000E+00   0.0000000000E+00   0.0000000000E+00   0.0000000000E+00
    4      0.0000000000E+00   0.0000000000E+00   0.0000000000E+00   0.0000000000E+00   0.0000000000E+00
    5      0.0000000000E+00   0.0000000000E+00   0.0000000000E+00   0.0000000000E+00   0.0000000000E+00
    6      0.0000000000E+00   0.0000000000E+00   0.0000000000E+00   0.0000000000E+00   0.0000000000E+00
    7      0.0000000000E+00   0.0000000000E+00   0.0000000000E+00   0.0000000000E+00   0.0000000000E+00
    8      0.0000000000E+00   0.0000000000E+00   0.0000000000E+00   0.0000000000E+00   0.0000000000E+00
                    5                  6                  7                  8        
     0      0.0000000000E+00  -3.0033790927E-05   6.1539133723E-04   7.0280084452E-02
     1      0.0000000000E+00  -7.0732599274E-02   4.9820735811E-02  -4.8181760703E-04
     2      0.0000000000E+00  -9.7850367848E-18   1.6386779475E-18   1.7843019670E-17
     3      0.0000000000E+00  -4.2684672141E-01  -5.9003064807E-01  -5.5262167516E-01
     4      0.0000000000E+00   5.6151925747E-01  -3.9915850632E-01  -4.2793024206E-01
     5      0.0000000000E+00  -8.0833853073E-17  -8.6766696093E-18   3.0681155741E-18
     6      0.0000000000E+00   4.2732341845E-01   5.8026314211E-01  -5.6286549859E-01
     7      0.0000000000E+00   5.6115024232E-01  -3.9159739867E-01   4.3557766259E-01
     8      0.0000000000E+00   5.6023772831E-18  -7.8560751995E-17  -8.2527446502E-17

#
# The atoms: label  mass x y z (in bohrs)
#
$atoms
3
 O     15.99900      0.000000000000     0.000000000000     0.000000000000
 H      1.00800      1.430522683378     1.107379514478     0.000000000000
 H      1.00800     -1.430522683378     1.107379514478     0.000000000000

$actual_temperature
  0.000000

$frequency_scale_factor
  1.000000

$dipole_derivatives
9
   -5.2813882098E-01   -9.8427499484E-08    8.7020345469E-07
   -1.7786895183E-07   -3.9751342872E-01    3.3298749028E-06
   -5.2174496827E-08   -4.6367656381E-07   -7.8615365689E-01
    2.6371598227E-01   -7.5243612731E-02   -1.5881642980E-06
   -1.0871834521E-01    1.9285964780E-01    1.5983938902E-06
    2.1225135072E-07    2.2882629125E-08    3.9310253137E-01
    2.6442283871E-01    7.5243711158E-02    7.1796084334E-07
    1.0871852308E-01    2.0465378092E-01   -4.9282687930E-06
   -1.6007685389E-07    4.4079393469E-07    3.9305112552E-01

#
# The IR spectrum
#  wavenumber eps Int TX TY TZ
#
$ir_spectrum
9
      0.00   0.00000000   0.00000000     0.000000     0.000000     0.000000
      0.00   0.00000000   0.00000000     0.000000     0.000000     0.000000
      0.00   0.00000000   0.00000000     0.000000     0.000000     0.000000
      0.00   0.00000000   0.00000000     0.000000     0.000000     0.000000
      0.00   0.00000000   0.00000000     0.000000     0.000000     0.000000
      0.00   0.00000000   0.00000000     0.000000     0.000000     0.000000
   1594.14   0.01773322  89.61642482     0.000075     0.058919    -0.000000
   3921.08   0.00145820   7.36912172    -0.000202    -0.010771     0.000000
   4029.81   0.01008874  50.98438119    -0.027942     0.000709    -0.000000

$polarizability_derivatives
9
    1.1657846244E-05    1.3429197221E-05    1.5148528210E-05   -4.8041717457E+00    4.5835557676E-07    2.8964352730E-06
   -4.4935352308E+00   -5.0821625291E+00   -1.2383614770E+00   -9.2900394956E-06   -1.6013909374E-07    2.1846965920E-05
   -2.0236893938E-06    3.3748185579E-06   -1.1374224496E-05    1.2718906451E-06    9.4929030669E-07    1.6763289243E-01
    4.5961379113E+00    1.8259200734E+00    3.9935123856E-01    2.4018165302E+00    2.8994884637E-07   -2.3938249771E-06
    2.2625612754E+00    2.5457318044E+00    6.2109950799E-01    2.2500841893E+00   -2.4488501787E-07    3.1509721178E-06
   -1.0526007621E-06    4.6853969593E-07    1.7757177950E-06   -3.5894133108E-06    3.1399700383E-01   -8.3792898392E-02
   -4.5961495691E+00   -1.8259335026E+00   -3.9936638709E-01    2.4023552155E+00   -7.4830442313E-07   -5.0261029587E-07
    2.2309739554E+00    2.5364307247E+00    6.1726196904E-01   -2.2500748992E+00    4.0502411161E-07   -2.4997938038E-05
    3.0762901559E-06   -3.8433582539E-06    9.5985067006E-06    2.3175226657E-06   -3.1399795312E-01   -8.3839994040E-02

#
# The Raman spectrum
#  wavenumber Activity Depolarization
#
$raman_spectrum
9
      0.00       0.0000       0.0000
      0.00       0.0000       0.0000
      0.00       0.0000       0.0000
      0.00       0.0000       0.0000
      0.00       0.0000       0.0000
      0.00       0.0000       0.0000
   1594.14       3.2312       0.6122
   3921.08      77.3969       0.0969
   4029.81      37.4461       0.7499


$end

