
$orca_hessian_file

$act_atom
  0

$act_coord
  0

$act_energy
        0.000000

$multiplicity
  1

$hessian
9
                    0                  1                  2                  3                  4        
    0      6.5423910641E-01   5.5140565641E-08  -1.5361685814E-08  -3.2711959427E-01  -2.5998658771E-01
    1      5.5140565641E-08   4.5701696419E-01  -7.4793419453E-09  -1.9969243048E-01  -2.2850849986E-01
    2     -1.5361685814E-08  -7.4793419453E-09   1.2564876755E-04   1.4054342245E-08   1.6162157646E-08
    3     -3.2711959427E-01  -1.9969243048E-01   1.4054342245E-08   3.5960603092E-01   2.2983948951E-01
    4     -2.5998658771E-01  -2.2850849986E-01   1.6162157646E-08   2.2983948951E-01   2.1748963980E-01
    5      1.3843366918E-09   1.4669618818E-09  -6.2815985386E-05  -2.1599560795E-10  -1.3458844299E-08
    6     -3.2711951214E-01   1.9969237248E-01   1.6711913883E-08  -3.2486436651E-02   3.0108998375E-02
    7      2.5998653543E-01  -2.2850846433E-01  -7.2975732571E-09  -3.0108959206E-02   1.1018860058E-02
    8     -1.4272211909E-09   4.6271376202E-09  -6.2832782164E-05  -6.5775050076E-09  -1.3574814225E-09
                    5                  6                  7                  8        
     0      1.3843366918E-09  -3.2711951214E-01   2.5998653543E-01  -1.4272211909E-09
     1      1.4669618818E-09   1.9969237248E-01  -2.2850846433E-01   4.6271376202E-09
     2     -6.2815985386E-05   1.6711913883E-08  -7.2975732571E-09  -6.2832782164E-05
     3     -2.1599560795E-10  -3.2486436651E-02  -3.0108959206E-02  -6.5775050076E-09
     4     -1.3458844299E-08   3.0108998375E-02   1.1018860058E-02  -1.3574814225E-09
     5      3.1471515872E-05  -8.4291827130E-09   1.0646050492E-08   3.1344469515E-05
     6     -8.4291827130E-09   3.5960594879E-01  -2.2983947354E-01  -1.3900248590E-10
     7      1.0646050492E-08  -2.2983947354E-01   2.1748960427E-01  -3.3090667165E-09
     8      3.1344469515E-05  -1.3900248590E-10  -3.3090667165E-09   3.1488312650E-05

$vibrational_frequencies
9
    0        0.0000000000000000
    1        0.0000000000000000
    2        0.0000000000000000
    3        0.0000000000000000
    4        0.0000000000000000
    5        0.0000000000000000
    6     1637.6403689810108517
    7     3787.0759243871775652
    8     3882.0566432158925636

$normal_modes
9 9
                    0                  1                  2                  3                  4        
    0      0.0000000000E+00   0.0000000000E+00   0.0000000000E+00   0.0000000000E+00   0.0000000000E+00
    1      0.0000000000E+00   0.0000000000E+00   0.0000000000E+00   0.0000000000E+00   0.0000000000E+00
    2      0.0000000000E+00   0.0000000000E+00   0.0000000000E+00   0.0000000000E+00   0.0000000000E+00
    3      0.0000000000E+00   0.0000000000E+00   0.0000000000E+00   0.0000000000E+00   0.0000000000E+00
    4      0.0000000000E+00   0.0000000000E+00   0.0000000000E+00   0.0000000000E+00   0.0000000000E+00
    5      0.0000000000E+00   0.0000000000E+00   0.0000000000E+00   0.0000000000E+00   0.0000000000E+00
    6      0.0000000000E+00   0.0000000000E+00   0.0000000000E+00   0.0000000000E+00   0.0000000000E+00
    7      0.0000000000E+00   0.0000000000E+00   0.0000000000E+00   0.0000000000E+00   0.0000000000E+00
    8      0.0000000000E+00   0.0000000000E+00   0.0000000000E+00   0.0000000000E+00   0.0000000000E+00
                    5                  6                  7                  8        
     0      0.0000000000E+00   2.5003718500E-09  -1.0838924674E-07   6.9600676611E-02
     1      0.0000000000E+00  -7.0216967526E-02   5.0499039244E-02   8.2943626956E-08
     2      0.0000000000E+00   3.4642861859E-18   7.6392813718E-17   8.1586918821E-17
     3      0.0000000000E+00  -4.3245276056E-01  -5.8147619280E-01  -5.5235271993E-01
     4      0.0000000000E+00   5.5724268551E-01  -4.0076029731E-01  -4.3873219799E-01
     5      0.0000000000E+00  -7.9181586211E-17  -1.9502057694E-17   4.2545547495E-17
     6      0.0000000000E+00   4.3245272087E-01   5.8147791315E-01  -5.5235087640E-01
     7      0.0000000000E+00   5.5724269489E-01  -4.0076165593E-01   4.3873088151E-01
     8      0.0000000000E+00  -6.0749850269E-17   3.8673900122E-17  -4.2448178380E-17

#
# The atoms: label  mass x y z (in bohrs)
#
$atoms
3
 O     15.99900      0.000000002619    -0.127178813405     0.000000000000
 H      1.00800      1.430788421129     1.009292570752     0.000000000000
 H      1.00800     -1.430788462703     1.009292583679     0.000000000000

$actual_temperature
  0.000000

$frequency_scale_factor
  1.000000

$dipole_derivatives
9
   -4.2582977128E-01    1.9907374829E-08    2.7382221339E-10
    2.7287297538E-08   -3.1185914771E-01   -6.1301505298E-10
   -7.4586243424E-11    7.2987711030E-12   -6.9327068788E-01
    2.1289195676E-01   -6.0142961172E-02    2.4533150588E-10
   -1.0645905742E-01    1.5595535425E-01    2.0978039075E-10
   -6.4929621139E-12   -6.7289590906E-12    3.4669038498E-01
    2.1289196089E-01    6.0142937828E-02   -5.2781278270E-10
    1.0645903006E-01    1.5595535614E-01    4.2578026831E-10
   -1.2820434454E-11   -7.4596958960E-12    3.4669034786E-01

#
# The IR spectrum
#  wavenumber eps Int TX TY TZ
#
$ir_spectrum
9
      0.00   0.00000000   0.00000000     0.000000     0.000000     0.000000
      0.00   0.00000000   0.00000000     0.000000     0.000000     0.000000
      0.00   0.00000000   0.00000000     0.000000     0.000000     0.000000
      0.00   0.00000000   0.00000000     0.000000     0.000000     0.000000
      0.00   0.00000000   0.00000000     0.000000     0.000000     0.000000
      0.00   0.00000000   0.00000000     0.000000     0.000000     0.000000
   1637.64   0.01094212  55.29699879    -0.000000     0.045663     0.000000
   3787.08   0.00092443   4.67168464     0.000000    -0.008728    -0.000000
   3882.06   0.00524486  26.50535332    -0.020533    -0.000000     0.000000


$end

