
$orca_hessian_file

$act_atom
  0

$act_coord
  0

$act_energy
      -76.396020

$multiplicity
  1

$hessian
9
                    0                  1                  2                  3                  4        
    0      7.1700700758E-01  -2.0060000000E-07  -4.0430525536E-07  -3.5853583072E-01  -2.8003493439E-01
    1     -2.0060000000E-07   4.6742820138E-01   2.7572297560E-07  -2.1847349398E-01  -2.3316324665E-01
    2     -4.0430525536E-07   2.7572297560E-07  -6.3686339535E-03   1.8932035038E-06  -1.4421346213E-06
    3     -3.5853583072E-01  -2.1847349398E-01   1.8932035038E-06   3.8942007132E-01   2.4912865396E-01
    4     -2.8003493439E-01  -2.3316324665E-01  -1.4421346213E-06   2.4912865396E-01   2.2149680522E-01
    5      1.0427605464E-06   1.6350449677E-06   3.1714518783E-03  -2.4467466180E-06  -2.3176001025E-07
    6     -3.5847117686E-01   2.1847369458E-01  -1.4888978382E-06  -3.0884240601E-02   3.0906280376E-02
    7      2.8003513499E-01  -2.3426495473E-01   1.1664130627E-06  -3.0655159930E-02   1.1666441428E-02
    8     -6.3845570128E-07  -1.9107693603E-06   3.1971820752E-03   5.5354348349E-07   1.6738955870E-06
                    5                  6                  7                  8        
     0      1.0427605464E-06  -3.5847117686E-01   2.8003513499E-01  -6.3845570128E-07
     1      1.6350449677E-06   2.1847369458E-01  -2.3426495473E-01  -1.9107693603E-06
     2      3.1714518783E-03  -1.4888978382E-06   1.1664130627E-06   3.1971820752E-03
     3     -2.4467466180E-06  -3.0884240601E-02  -3.0655159930E-02   5.5354348349E-07
     4     -2.3176001025E-07   3.0906280376E-02   1.1666441428E-02   1.6738955870E-06
     5     -4.5172568430E-03   1.4039857023E-06  -1.4032859129E-06   1.3458049647E-03
     6      1.4039857023E-06   3.8935541746E-01  -2.4937997501E-01   8.4912176845E-08
     7     -1.4032859129E-06  -2.4937997501E-01   2.2259851330E-01   2.3687331175E-07
     8      1.3458049647E-03   8.4912176845E-08   2.3687331175E-07  -4.5429870399E-03

$vibrational_frequencies
9
    0        0.0000000000000000
    1        0.0000000000000000
    2        0.0000000000000000
    3        0.0000000000000000
    4        0.0000000000000000
    5        0.0000000000000000
    6     1594.1416834239792024
    7     3921.0755608379022306
    8     4029.9254307570745368

$normal_modes
9 9
                    0                  1                  2                  3                  4        
    0      0.0000000000E+00   0.0000000000E+00   0.0000000000E+00   0.0000000000E+00   0.0000000000E+00
    1      0.0000000000E+00   0.0000000000E+00   0.0000000000E+00   0.0000000000E+00   0.0000000000E+00
    2      0.0000000000E+00   0.0000000000E+00   0.0000000000E+00   0.0000000000E+00   0.0000000000E+00
    3      0.0000000000E+00   0.0000000000E+00   0.0000000000E+00   0.0000000000E+00   0.0000000000E+00
    4      0.0000000000E+00   0.0000000000E+00   0.0000000000E+00   0.0000000000E+00   0.0000000000E+00
    5      0.0000000000E+00   0.0000000000E+00   0.0000000000E+00   0.0000000000E+00   0.0000000000E+00
    6      0.0000000000E+00   0.0000000000E+00   0.0000000000E+00   0.0000000000E+00   0.0000000000E+00
    7      0.0000000000E+00   0.0000000000E+00   0.0000000000E+00   0.0000000000E+00   0.0000000000E+00
    8      0.0000000000E+00   0.0000000000E+00   0.0000000000E+00   0.0000000000E+00   0.0000000000E+00
                    5                  6                  7                  8        
     0      0.0000000000E+00  -2.8245332776E-05   6.2477690880E-04   7.0279995799E-02
     1      0.0000000000E+00  -7.0732600358E-02   4.9820689056E-02  -4.8690709150E-04
     2      0.0000000000E+00  -9.7845823907E-18   1.6410630087E-18   1.7843040787E-17
     3      0.0000000000E+00  -4.2686091559E-01  -5.9010437804E-01  -5.5252921697E-01
     4      0.0000000000E+00   5.6150827898E-01  -3.9921579397E-01  -4.2788930723E-01
     5      0.0000000000E+00  -8.0833776951E-17  -8.6762424562E-18   3.0713699968E-18
     6      0.0000000000E+00   4.2730922618E-01   5.8018790407E-01  -5.6295654969E-01
     7      0.0000000000E+00   5.6116123802E-01  -3.9153936894E-01   4.3561750818E-01
     8      0.0000000000E+00   5.6002596966E-18  -7.8571777546E-17  -8.2516722742E-17

#
# The atoms: label  mass x y z (in bohrs)
#
$atoms
3
 O     15.99900      0.000000000000     0.000000000000     0.000000000000
 H      1.00800      1.430522683378     1.107379514478     0.000000000000
 H      1.00800     -1.430522683378     1.107379514478     0.000000000000

$actual_temperature
  0.000000

$frequency_scale_factor
  1.000000

$dipole_derivatives
9
   -5.2777676495E-01   -1.4718715136E-07    8.7862903854E-07
   -1.7929360329E-07   -3.9751335710E-01    3.3338647759E-06
   -5.4646528426E-08   -3.8450308493E-07   -7.8566852033E-01
    2.6371607606E-01   -7.5243695791E-02   -1.5844216805E-06
   -1.0866348570E-01    1.9294753107E-01    1.6014631619E-06
    7.5559009613E-08   -3.4507674496E-08    3.9308867366E-01
    2.6406068889E-01    7.5243842978E-02    7.0579264199E-07
    1.0866366499E-01    2.0456582603E-01   -4.9353279378E-06
   -2.0912481187E-08    4.1901075942E-07    3.9257984667E-01

#
# The IR spectrum
#  wavenumber eps Int TX TY TZ
#
$ir_spectrum
9
      0.00   0.00000000   0.00000000     0.000000     0.000000     0.000000
      0.00   0.00000000   0.00000000     0.000000     0.000000     0.000000
      0.00   0.00000000   0.00000000     0.000000     0.000000     0.000000
      0.00   0.00000000   0.00000000     0.000000     0.000000     0.000000
      0.00   0.00000000   0.00000000     0.000000     0.000000     0.000000
      0.00   0.00000000   0.00000000     0.000000     0.000000     0.000000
   1594.14   0.01773322  89.61645080     0.000045     0.058919    -0.000000
   3921.08   0.00145835   7.36989371    -0.000232    -0.010771     0.000000
   4029.93   0.01007315  50.90559621    -0.027920     0.000700    -0.000000

$polarizability_derivatives
9
    1.2106115133E-05    1.3382590325E-05    4.9769048438E-06   -4.8039588398E+00    4.6858103388E-07    2.9186456189E-06
   -4.4935395542E+00   -5.0821680328E+00   -1.2383502377E+00   -8.9211057582E-06   -1.0495121282E-07    2.0484509691E-05
    2.6511477458E-07    1.5167739953E-06    5.1697568892E-06   -3.0008049911E-07    1.0277262744E-06    1.6766685087E-01
    4.5961419505E+00    1.8259228462E+00    3.9935372826E-01    2.4018167467E+00    2.8470550567E-07   -3.7274948023E-06
    2.2622906887E+00    2.5456522033E+00    6.2120264123E-01    2.2499484848E+00   -2.2442370228E-07    3.1986544702E-06
    4.0731463535E-06   -7.2107431137E-07   -1.5582012924E-05   -1.4030703128E-06    3.1397040751E-01   -8.3792534904E-02
   -4.5961540566E+00   -1.8259362288E+00   -3.9935870517E-01    2.4021420931E+00   -7.5328653955E-07    8.0884918335E-07
    2.2312488655E+00    2.5365158295E+00    6.1714759650E-01   -2.2499395637E+00    3.2937491509E-07   -2.3683164161E-05
   -4.3382611281E-06   -7.9569968392E-07    1.0412256035E-05    1.7031508119E-06   -3.1397143524E-01   -8.3874315965E-02

#
# The Raman spectrum
#  wavenumber Activity Depolarization
#
$raman_spectrum
9
      0.00       0.0000       0.0000
      0.00       0.0000       0.0000
      0.00       0.0000       0.0000
      0.00       0.0000       0.0000
      0.00       0.0000       0.0000
      0.00       0.0000       0.0000
   1594.14       3.2312       0.6122
   3921.08      77.3969       0.0969
   4029.93      37.4424       0.7499


$end

