
$orca_hessian_file

$act_atom
  0

$act_coord
  0

$act_energy
        0.000000

$multiplicity
  1

$hessian
9
                    0                  1                  2                  3                  4        
    0      6.5423910496E-01   1.0473496284E-07  -9.2361556685E-09  -3.2711962393E-01  -2.5998659761E-01
    1      1.0473496284E-07   4.5701696144E-01   7.2480298356E-09  -1.9969241616E-01  -2.2850853236E-01
    2     -9.2361556685E-09   7.2480298356E-09   1.2567145437E-04   1.1432113079E-08   1.2641873333E-08
    3     -3.2711962393E-01  -1.9969241616E-01   1.1432113079E-08   3.5960604611E-01   2.2983949034E-01
    4     -2.5998659761E-01  -2.2850853236E-01   1.2641873333E-08   2.2983949034E-01   2.1748966922E-01
    5     -6.4285201948E-09  -7.5948926532E-09  -6.2821756222E-05  -3.3793376764E-09   1.9699529970E-09
    6     -3.2711948103E-01   1.9969230013E-01   3.3559958018E-09  -3.2486422179E-02   3.0108981934E-02
    7      2.5998650418E-01  -2.2850842908E-01  -9.5669425891E-10  -3.0108948846E-02   1.1018863143E-02
    8      1.0112722651E-08  -1.8586346092E-08  -6.2849698149E-05  -1.9512222103E-09  -2.7550841629E-09
                    5                  6                  7                  8        
     0     -6.4285201948E-09  -3.2711948103E-01   2.5998650418E-01   1.0112722651E-08
     1     -7.5948926532E-09   1.9969230013E-01  -2.2850842908E-01  -1.8586346092E-08
     2     -6.2821756222E-05   3.3559958018E-09  -9.5669425891E-10  -6.2849698149E-05
     3     -3.3793376764E-09  -3.2486422179E-02  -3.0108948846E-02  -1.9512222103E-09
     4      1.9699529970E-09   3.0108981934E-02   1.1018863143E-02  -2.7550841629E-09
     5      3.1475558749E-05   3.7063046786E-09  -6.2318025109E-09   3.1346197473E-05
     6      3.7063046786E-09   3.5960590321E-01  -2.2983941870E-01  -7.6119004604E-09
     7     -6.2318025109E-09  -2.2983941870E-01   2.1748956593E-01   1.4264963513E-08
     8      3.1346197473E-05  -7.6119004604E-09   1.4264963513E-08   3.1503500676E-05

$vibrational_frequencies
9
    0        0.0000000000000000
    1        0.0000000000000000
    2        0.0000000000000000
    3        0.0000000000000000
    4        0.0000000000000000
    5        0.0000000000000000
    6     1637.6404152082782275
    7     3787.0757963708988427
    8     3882.0565048402927459

$normal_modes
9 9
                    0                  1                  2                  3                  4        
    0      0.0000000000E+00   0.0000000000E+00   0.0000000000E+00   0.0000000000E+00   0.0000000000E+00
    1      0.0000000000E+00   0.0000000000E+00   0.0000000000E+00   0.0000000000E+00   0.0000000000E+00
    2      0.0000000000E+00   0.0000000000E+00   0.0000000000E+00   0.0000000000E+00   0.0000000000E+00
    3      0.0000000000E+00   0.0000000000E+00   0.0000000000E+00   0.0000000000E+00   0.0000000000E+00
    4      0.0000000000E+00   0.0000000000E+00   0.0000000000E+00   0.0000000000E+00   0.0000000000E+00
    5      0.0000000000E+00   0.0000000000E+00   0.0000000000E+00   0.0000000000E+00   0.0000000000E+00
    6      0.0000000000E+00   0.0000000000E+00   0.0000000000E+00   0.0000000000E+00   0.0000000000E+00
    7      0.0000000000E+00   0.0000000000E+00   0.0000000000E+00   0.0000000000E+00   0.0000000000E+00
    8      0.0000000000E+00   0.0000000000E+00   0.0000000000E+00   0.0000000000E+00   0.0000000000E+00
                    5                  6                  7                  8        
     0      0.0000000000E+00  -3.6810008592E-09  -2.6035495425E-07   6.9600677924E-02
     1      0.0000000000E+00   7.0216966540E-02   5.0499040525E-02   1.9825428920E-07
     2      0.0000000000E+00   7.8433802085E-18  -5.1505505625E-17  -6.8493214280E-17
     3      0.0000000000E+00   4.3245278008E-01  -5.8147497973E-01  -5.5235403378E-01
     4      0.0000000000E+00  -5.5724266699E-01  -4.0075934838E-01  -4.3873309987E-01
     5      0.0000000000E+00  -1.1930851266E-16   1.8255901403E-16   1.3511043953E-16
     6      0.0000000000E+00  -4.3245272166E-01   5.8147911209E-01  -5.5234958339E-01
     7      0.0000000000E+00  -5.5724269778E-01  -4.0076262519E-01   4.3872995317E-01
     8      0.0000000000E+00  -1.9238476459E-16   1.5118260442E-16   1.5112223287E-16

#
# The atoms: label  mass x y z (in bohrs)
#
$atoms
3
 O     15.99900      0.000000001845    -0.127178809398     0.000000000000
 H      1.00800      1.430788452329     1.009292540828     0.000000000000
 H      1.00800     -1.430788481618     1.009292550008     0.000000000000

$actual_temperature
  0.000000

$frequency_scale_factor
  1.000000

$dipole_derivatives
9
   -4.2582978357E-01    1.7579096082E-08    2.7824025684E-10
    3.0292417665E-08   -3.1185916014E-01   -6.2945831354E-10
   -2.2383097005E-11    3.9067030506E-11   -6.9327069493E-01
    2.1289196258E-01   -6.0142961487E-02    2.5284097324E-10
   -1.0645905079E-01    1.5595536032E-01    2.1474454551E-10
   -3.2519925826E-11   -5.0278999497E-11    3.4669038709E-01
    2.1289196739E-01    6.0142940544E-02   -5.4137679102E-10
    1.0645902046E-01    1.5595536255E-01    4.3917748538E-10
   -1.3238898354E-11    1.1430037933E-12    3.4669035280E-01

#
# The IR spectrum
#  wavenumber eps Int TX TY TZ
#
$ir_spectrum
9
      0.00   0.00000000   0.00000000     0.000000     0.000000     0.000000
      0.00   0.00000000   0.00000000     0.000000     0.000000     0.000000
      0.00   0.00000000   0.00000000     0.000000     0.000000     0.000000
      0.00   0.00000000   0.00000000     0.000000     0.000000     0.000000
      0.00   0.00000000   0.00000000     0.000000     0.000000     0.000000
      0.00   0.00000000   0.00000000     0.000000     0.000000     0.000000
   1637.64   0.01094212  55.29700230     0.000000    -0.045663    -0.000000
   3787.08   0.00092443   4.67168572     0.000000    -0.008728    -0.000000
   3882.06   0.00524486  26.50536024    -0.020533    -0.000000     0.000000


$end

