
$orca_hessian_file

$act_atom
  0

$act_coord
  0

$act_energy
     -188.504493

$multiplicity
  1

$hessian
9
                    0                  1                  2                  3                  4        
    0      1.1195142399E+00  -2.1214535621E-05   2.9350155197E-06  -1.0350973537E+00   9.7050790821E-06
    1     -2.1214535621E-05   2.5930216000E-02   3.9770672354E-06   1.0139006919E-05  -6.3450923736E-02
    2      2.9350155197E-06   3.9770672354E-06   2.5939931236E-02   4.5546147356E-06  -7.7734134257E-07
    3     -1.0350973537E+00   1.0139006919E-05   4.5546147356E-06   2.0702566092E+00   1.5524888869E-05
    4      9.7050790821E-06  -6.3450923736E-02  -7.7734134257E-07   1.5524888869E-05   1.2767813252E-01
    5      9.2752878987E-06  -4.6507060473E-06  -6.3452768783E-02  -2.8932678429E-06   1.4780452916E-05
    6     -8.4416886217E-02   1.1075523823E-05  -7.4896238608E-06  -1.0351592555E+00  -2.5229965124E-05
    7      1.1509461417E-05   3.7520707736E-02  -3.1997258238E-06  -2.5663898616E-05  -6.4227208783E-02
    8     -1.2210309813E-05   6.7363874291E-07   3.7512837547E-02  -1.6613551373E-06  -1.4003111027E-05
                    5                  6                  7                  8        
     0      9.2752878987E-06  -8.4416886217E-02   1.1509461417E-05  -1.2210309813E-05
     1     -4.6507060473E-06   1.1075523823E-05   3.7520707736E-02   6.7363874291E-07
     2     -6.3452768783E-02  -7.4896238608E-06  -3.1997258238E-06   3.7512837547E-02
     3     -2.8932678429E-06  -1.0351592555E+00  -2.5663898616E-05  -1.6613551373E-06
     4      1.4780452916E-05  -2.5229965124E-05  -6.4227208783E-02  -1.4003111027E-05
     5      1.2767723680E-01  -6.3820118112E-06  -1.0129747416E-05  -6.4224468018E-02
     6     -6.3820118112E-06   1.1195761417E+00   1.4154439250E-05   1.3871650311E-05
     7     -1.0129747416E-05   1.4154439250E-05   2.6706501047E-02   1.3329472762E-05
     8     -6.4224468018E-02   1.3871650311E-05   1.3329472762E-05   2.6711630471E-02

$vibrational_frequencies
9
    0        0.0000000000000000
    1        0.0000000000000000
    2        0.0000000000000000
    3        0.0000000000000000
    4        0.0000000000000000
    5      621.5217774471557277
    6      621.5937630509505425
    7     1410.1465109619093710
    8     2502.8573183813227843

$normal_modes
9 9
                    0                  1                  2                  3                  4        
    0      0.0000000000E+00   0.0000000000E+00   0.0000000000E+00   0.0000000000E+00   0.0000000000E+00
    1      0.0000000000E+00   0.0000000000E+00   0.0000000000E+00   0.0000000000E+00   0.0000000000E+00
    2      0.0000000000E+00   0.0000000000E+00   0.0000000000E+00   0.0000000000E+00   0.0000000000E+00
    3      0.0000000000E+00   0.0000000000E+00   0.0000000000E+00   0.0000000000E+00   0.0000000000E+00
    4      0.0000000000E+00   0.0000000000E+00   0.0000000000E+00   0.0000000000E+00   0.0000000000E+00
    5      0.0000000000E+00   0.0000000000E+00   0.0000000000E+00   0.0000000000E+00   0.0000000000E+00
    6      0.0000000000E+00   0.0000000000E+00   0.0000000000E+00   0.0000000000E+00   0.0000000000E+00
    7      0.0000000000E+00   0.0000000000E+00   0.0000000000E+00   0.0000000000E+00   0.0000000000E+00
    8      0.0000000000E+00   0.0000000000E+00   0.0000000000E+00   0.0000000000E+00   0.0000000000E+00
                    5                  6                  7                  8        
     0     -5.9955371662E-06   2.0969583080E-05  -7.0711523438E-01  -3.3153317290E-01
     1     -2.3086454391E-01   2.3796100008E-01   1.2732633131E-05  -2.6497628734E-06
     2      2.3796100029E-01   2.3086454392E-01   5.7069862475E-06   4.9375334387E-07
     3     -5.8592635512E-06   4.1498748968E-06   2.2522090152E-05   8.8326227645E-01
     4      6.1503652284E-01  -6.3394189330E-01  -3.3920472477E-05   7.0591218402E-06
     5     -6.3394189387E-01  -6.1503652289E-01  -1.5203742065E-05  -1.3153875193E-06
     6      1.0394287995E-05  -2.4085037008E-05   7.0709832628E-01  -3.3156222072E-01
     7     -2.3086454391E-01   2.3796100008E-01   1.2732633131E-05  -2.6497628734E-06
     8      2.3796100029E-01   2.3086454392E-01   5.7069862475E-06   4.9375334366E-07

#
# The atoms: label  mass x y z (in bohrs)
#
$atoms
3
 O     15.99900     -2.192082315349     0.000000000000     0.000000000000
 C     12.01100      0.000000000000     0.000000000000     0.000000000000
 O     15.99900      2.192082315349     0.000000000000     0.000000000000

$actual_temperature
  0.000000

$frequency_scale_factor
  1.000000

$dipole_derivatives
9
   -1.2310594775E+00    8.3224131454E-08   -2.4908671602E-07
   -7.0034656022E-07   -2.7453646351E-01   -3.1117500396E-07
   -8.5487362649E-07   -2.6208773349E-07   -2.7453621069E-01
    2.4626825228E+00    7.7740428597E-08    1.6651741425E-07
    9.6731048399E-07    5.4605584527E-01    5.6127321118E-07
    1.0388998002E-05    2.3675407299E-07    5.4605552179E-01
   -1.2316230453E+00   -1.6096456005E-07    8.2569301774E-08
   -2.6696392377E-07   -2.7151938176E-01   -2.5009820723E-07
   -9.5341243750E-06    2.5333660501E-08   -2.7151931110E-01

#
# The IR spectrum
#  wavenumber eps Int TX TY TZ
#
$ir_spectrum
9
      0.00   0.00000000   0.00000000     0.000000     0.000000     0.000000
      0.00   0.00000000   0.00000000     0.000000     0.000000     0.000000
      0.00   0.00000000   0.00000000     0.000000     0.000000     0.000000
      0.00   0.00000000   0.00000000     0.000000     0.000000     0.000000
      0.00   0.00000000   0.00000000     0.000000     0.000000     0.000000
    621.52   0.00658664  33.28618012    -0.000002     0.040044    -0.041275
    621.59   0.00658666  33.28627846     0.000000    -0.041272    -0.040042
   1410.15   0.00000000   0.00000637    -0.000017    -0.000001    -0.000001
   2502.86   0.13397001 677.02950487     0.129243     0.000000    -0.000000

$polarizability_derivatives
9
   -1.1647422598E+01   -2.2595175766E+00   -2.2595178182E+00    4.8296806324E-06    4.1874533352E-06    1.8168194889E-07
   -8.0371229672E-06   -3.2068712130E-07   -1.4288508154E-06   -3.8029056163E+00   -1.9096767346E-05   -2.5067069026E-06
    7.7771424856E-07    7.7002042076E-06    2.2836315949E-06   -1.8646986623E-05   -3.8029057891E+00   -1.1101115385E-08
    1.4338705867E-05    1.7119260676E-06   -2.6081128368E-07    2.3590064639E-07   -7.8016600878E-07   -2.7173910431E-07
    8.0521875390E-06    6.9321028917E-07   -2.5849205443E-06    1.6296042600E-06   -2.9857024083E-06    2.9856780060E-06
    1.1702666924E-05   -5.1422166081E-06   -4.7285393379E-07   -1.4485858038E-05   -2.5487157869E-06    2.1963197826E-06
    1.1647408259E+01    2.2595158647E+00    2.2595180790E+00   -5.0655812788E-06   -3.4072873265E-06    9.0057155417E-08
   -1.5064571812E-08   -3.7252316787E-07    4.0137713597E-06    3.8029039867E+00    2.2082469754E-05   -4.7897110341E-07
   -1.2480381173E-05   -2.5579875995E-06   -1.8107776611E-06    3.3132844661E-05    3.8029083379E+00   -2.1852186673E-06

#
# The Raman spectrum
#  wavenumber Activity Depolarization
#
$raman_spectrum
9
      0.00       0.0000       0.0000
      0.00       0.0000       0.0000
      0.00       0.0000       0.0000
      0.00       0.0000       0.0000
      0.00       0.0000       0.0000
    621.52       0.0000       0.1546
    621.59       0.0000       0.1679
   1410.15      18.8573       0.1593
   2502.86       0.0000       0.1542


$end

