
$orca_hessian_file

$act_atom
  0

$act_coord
  0

$act_energy
     -188.504491

$multiplicity
  1

$hessian
9
                    0                  1                  2                  3                  4        
    0      1.1195219343E+00  -4.2192391431E-06   8.4811138490E-07  -1.0351205593E+00  -1.7203172143E-06
    1     -4.2192391431E-06   2.6239810057E-02   3.2491316470E-07  -5.2164583756E-06  -6.3632910634E-02
    2      8.4811138490E-07   3.2491316470E-07   2.6231139270E-02   7.2243425124E-06   2.0550351228E-06
    3     -1.0351205593E+00  -5.2164583756E-06   7.2243425124E-06   2.0702885681E+00   1.9443103537E-05
    4     -1.7203172143E-06  -6.3632910634E-02   2.0550351228E-06   1.9443103537E-05   1.2777964877E-01
    5      2.9883299728E-06  -3.3107807126E-06  -6.3618589561E-02  -6.9406679883E-06   7.5415514915E-06
    6     -8.4401375023E-02   9.4356983972E-06  -8.0724616674E-06  -1.0351680088E+00  -1.7722800197E-05
    7      5.9395554789E-06   3.7393100577E-02  -2.3799489557E-06  -1.4226631287E-05  -6.4146738133E-02
    8     -3.8364335876E-06   2.9858682161E-06   3.7387450291E-02  -2.8367857190E-07  -9.5965856360E-06
                    5                  6                  7                  8        
     0      2.9883299728E-06  -8.4401375023E-02   5.9395554789E-06  -3.8364335876E-06
     1     -3.3107807126E-06   9.4356983972E-06   3.7393100577E-02   2.9858682161E-06
     2     -6.3618589561E-02  -8.0724616674E-06  -2.3799489557E-06   3.7387450291E-02
     3     -6.9406679883E-06  -1.0351680088E+00  -1.4226631287E-05  -2.8367857190E-07
     4      7.5415514915E-06  -1.7722800197E-05  -6.4146738133E-02  -9.5965856360E-06
     5      1.2775361178E-01   3.9523420633E-06  -4.2307717571E-06  -6.4135022218E-02
     6      3.9523420633E-06   1.1195693838E+00   8.2870888040E-06   4.1201158818E-06
     7     -4.2307717571E-06   8.2870888040E-06   2.6753637556E-02   6.6107190664E-06
     8     -6.4135022218E-02   4.1201158818E-06   6.6107190664E-06   2.6747571927E-02

$vibrational_frequencies
9
    0        0.0000000000000000
    1        0.0000000000000000
    2        0.0000000000000000
    3        0.0000000000000000
    4        0.0000000000000000
    5      621.7376264964752863
    6      621.8108429748019716
    7     1410.1377010324310959
    8     2502.8766366917366213

$normal_modes
9 9
                    0                  1                  2                  3                  4        
    0      0.0000000000E+00   0.0000000000E+00   0.0000000000E+00   0.0000000000E+00   0.0000000000E+00
    1      0.0000000000E+00   0.0000000000E+00   0.0000000000E+00   0.0000000000E+00   0.0000000000E+00
    2      0.0000000000E+00   0.0000000000E+00   0.0000000000E+00   0.0000000000E+00   0.0000000000E+00
    3      0.0000000000E+00   0.0000000000E+00   0.0000000000E+00   0.0000000000E+00   0.0000000000E+00
    4      0.0000000000E+00   0.0000000000E+00   0.0000000000E+00   0.0000000000E+00   0.0000000000E+00
    5      0.0000000000E+00   0.0000000000E+00   0.0000000000E+00   0.0000000000E+00   0.0000000000E+00
    6      0.0000000000E+00   0.0000000000E+00   0.0000000000E+00   0.0000000000E+00   0.0000000000E+00
    7      0.0000000000E+00   0.0000000000E+00   0.0000000000E+00   0.0000000000E+00   0.0000000000E+00
    8      0.0000000000E+00   0.0000000000E+00   0.0000000000E+00   0.0000000000E+00   0.0000000000E+00
                    5                  6                  7                  8        
     0     -1.1784872891E-06   6.6244906431E-06  -7.0711326102E-01  -3.3153656416E-01
     1     -8.6045730611E-02   3.2018745685E-01   5.8333653149E-06  -3.3185720888E-06
     2      3.2018745689E-01   8.6045730643E-02  -3.5124065354E-07   1.1846069383E-06
     3     -5.3420985868E-06   7.7186772600E-06   1.7263292086E-05   8.8326227650E-01
     4      2.2923081243E-01  -8.5299793890E-01  -1.5540423224E-05   8.8408683456E-06
     5     -8.5299793902E-01  -2.2923081251E-01   9.3572545439E-07  -3.1558615277E-06
     6      5.1889845781E-06  -1.2419167346E-05   7.0710030087E-01  -3.3155882950E-01
     7     -8.6045730611E-02   3.2018745685E-01   5.8333653149E-06  -3.3185720888E-06
     8      3.2018745689E-01   8.6045730643E-02  -3.5124065359E-07   1.1846069381E-06

#
# The atoms: label  mass x y z (in bohrs)
#
$atoms
3
 O     15.99900     -2.192082315349     0.000000000000     0.000000000000
 C     12.01100      0.000000000000     0.000000000000     0.000000000000
 O     15.99900      2.192082315349     0.000000000000     0.000000000000

$actual_temperature
  0.000000

$frequency_scale_factor
  1.000000

$dipole_derivatives
9
   -1.2310590089E+00   -3.9331382199E-08    3.6263308493E-08
   -1.0138978898E-06   -2.7382912285E-01   -1.8533347372E-07
   -9.7615285759E-07   -2.1822759072E-07   -2.7382876857E-01
    2.4624214904E+00    7.9521365046E-08    1.7369186479E-07
   -9.5432540169E-08    5.4593199951E-01   -1.8942572835E-07
   -9.9026619283E-08   -1.9075538921E-07    5.4593206873E-01
   -1.2313624815E+00   -4.0189982848E-08   -2.0995517329E-07
    1.1093304299E-06   -2.7210287666E-01    3.7475920207E-07
    1.0751794769E-06    4.0898297993E-07   -2.7210330016E-01

#
# The IR spectrum
#  wavenumber eps Int TX TY TZ
#
$ir_spectrum
9
      0.00   0.00000000   0.00000000     0.000000     0.000000     0.000000
      0.00   0.00000000   0.00000000     0.000000     0.000000     0.000000
      0.00   0.00000000   0.00000000     0.000000     0.000000     0.000000
      0.00   0.00000000   0.00000000     0.000000     0.000000     0.000000
      0.00   0.00000000   0.00000000     0.000000     0.000000     0.000000
    621.74   0.00658367  33.27117154    -0.000002     0.014919    -0.055515
    621.81   0.00658366  33.27114103     0.000002    -0.055512    -0.014918
   1410.14   0.00000000   0.00000149    -0.000008    -0.000001     0.000000
   2502.88   0.13394161 676.88598674     0.129229     0.000000    -0.000000

$polarizability_derivatives
9
   -1.1647417515E+01   -2.2595113281E+00   -2.2595114892E+00    7.5949572389E-06    1.2105084185E-05   -2.9024201617E-08
    4.6652633756E-06   -1.3198670601E-06   -2.3980707198E-06   -3.8040249305E+00   -2.0848250229E-05   -2.2430946687E-06
    1.8047124684E-06   -5.6759095202E-07   -6.2797182565E-06   -1.6941937095E-05   -3.8040251280E+00   -2.8358893047E-07
    1.7005553588E-05    5.3704543035E-07   -1.3178734548E-06   -2.7679903807E-07    9.8898189773E-07   -3.4872583712E-07
    6.7358598699E-07    3.3778386310E-06   -2.0164581116E-07    4.2202843231E-07   -2.5234610612E-06    2.6991314329E-06
   -2.1617065471E-06   -3.8726550855E-07    4.3576360298E-06    4.7668741588E-07   -1.7325751796E-07    3.0370005978E-06
    1.1647400509E+01    2.2595107910E+00    2.2595128071E+00   -7.3181582009E-06   -1.3094066083E-05    3.7775003874E-07
   -5.3388493626E-06   -2.0579715709E-06    2.5997165309E-06    3.8040245084E+00    2.3371711290E-05   -4.5603676425E-07
    3.5699407874E-07    9.5485646057E-07    1.9220822267E-06    1.6465249679E-05    3.8040253013E+00   -2.7534116674E-06

#
# The Raman spectrum
#  wavenumber Activity Depolarization
#
$raman_spectrum
9
      0.00       0.0000       0.0000
      0.00       0.0000       0.0000
      0.00       0.0000       0.0000
      0.00       0.0000       0.0000
      0.00       0.0000       0.0000
    621.74       0.0000       0.1830
    621.81       0.0000       0.1523
   1410.14      18.8572       0.1593
   2502.88       0.0000       0.1471


$end

