
$orca_hessian_file

$act_atom
  0

$act_coord
  0

$act_energy
        0.000000

$multiplicity
  1

$hessian
9
                    0                  1                  2                  3                  4        
    0      1.0870639876E+00   8.7147347958E-09  -2.8252816483E-08  -1.0080433345E+00  -6.1246797087E-08
    1      8.7147347958E-09   3.5102023387E-02   2.4458171472E-10  -1.5410145669E-07  -7.0268226745E-02
    2     -2.8252816483E-08   2.4458171472E-10   3.5102011732E-02   4.4345982555E-08   6.6570644412E-09
    3     -1.0080433345E+00  -1.5410145669E-07   4.4345982555E-08   2.0160870180E+00   9.9559627175E-08
    4     -6.1246797087E-08  -7.0268226745E-02   6.6570644412E-09   9.9559627175E-08   1.4053649576E-01
    5      8.5932241623E-08   6.6813883472E-09  -7.0268187851E-02  -9.6278963347E-08  -2.3643174063E-08
    6     -7.9020653136E-02   1.8982402212E-07  -2.1943892433E-08  -1.0080436835E+00  -4.2853542336E-08
    7      8.0947620572E-09   3.5166203357E-02  -6.9031666428E-09   5.9082541759E-08  -7.0268269020E-02
    8     -5.1828698780E-08  -6.9244495749E-09   3.5166176119E-02  -4.3176735062E-09   1.6978064643E-08
                    5                  6                  7                  8        
     0      8.5932241623E-08  -7.9020653136E-02   8.0947620572E-09  -5.1828698780E-08
     1      6.6813883472E-09   1.8982402212E-07   3.5166203357E-02  -6.9244495749E-09
     2     -7.0268187851E-02  -2.1943892433E-08  -6.9031666428E-09   3.5166176119E-02
     3     -9.6278963347E-08  -1.0080436835E+00   5.9082541759E-08  -4.3176735062E-09
     4     -2.3643174063E-08  -4.2853542336E-08  -7.0268269020E-02   1.6978064643E-08
     5      1.4053645147E-01   6.6597376021E-08   1.6969830694E-08  -7.0268263624E-02
     6      6.6597376021E-08   1.0870643367E+00  -1.0707389180E-07   5.7464443490E-09
     7      1.6969830694E-08  -1.0707389180E-07   3.5102065663E-02  -1.0060139559E-08
     8     -7.0268263624E-02   5.7464443490E-09  -1.0060139559E-08   3.5102087504E-02

$vibrational_frequencies
9
    0        0.0000000000000000
    1        0.0000000000000000
    2        0.0000000000000000
    3        0.0000000000000000
    4        0.0000000000000000
    5      652.1064234886550821
    6      652.1065738030516741
    7     1387.7872827587675602
    8     2469.8958411190842526

$normal_modes
9 9
                    0                  1                  2                  3                  4        
    0      0.0000000000E+00   0.0000000000E+00   0.0000000000E+00   0.0000000000E+00   0.0000000000E+00
    1      0.0000000000E+00   0.0000000000E+00   0.0000000000E+00   0.0000000000E+00   0.0000000000E+00
    2      0.0000000000E+00   0.0000000000E+00   0.0000000000E+00   0.0000000000E+00   0.0000000000E+00
    3      0.0000000000E+00   0.0000000000E+00   0.0000000000E+00   0.0000000000E+00   0.0000000000E+00
    4      0.0000000000E+00   0.0000000000E+00   0.0000000000E+00   0.0000000000E+00   0.0000000000E+00
    5      0.0000000000E+00   0.0000000000E+00   0.0000000000E+00   0.0000000000E+00   0.0000000000E+00
    6      0.0000000000E+00   0.0000000000E+00   0.0000000000E+00   0.0000000000E+00   0.0000000000E+00
    7      0.0000000000E+00   0.0000000000E+00   0.0000000000E+00   0.0000000000E+00   0.0000000000E+00
    8      0.0000000000E+00   0.0000000000E+00   0.0000000000E+00   0.0000000000E+00   0.0000000000E+00
                    5                  6                  7                  8        
     0     -2.9160808785E-08   2.8454901065E-08   7.0710683001E-01   3.3154761301E-01
     1     -1.3186982261E-01  -3.0419438647E-01  -1.7989549864E-09   2.7553964617E-08
     2     -3.0419438647E-01   1.3186982261E-01  -1.2254403805E-08  -2.1262865615E-08
     3      2.2951915319E-08  -6.1051901940E-08  -1.3006833136E-07  -8.8326227666E-01
     4      3.5130884958E-01   8.1039147428E-01   4.7925242675E-09  -4.6886107794E-08
     5      8.1039147428E-01  -3.5130884958E-01   3.2646440232E-08   4.5341126347E-08
     6      1.1930015932E-08   1.7378863199E-08  -7.0710673236E-01   3.3154778077E-01
     7     -1.3186982314E-01  -3.0419438768E-01  -1.7989579442E-09   7.6450503516E-09
     8     -3.0419438768E-01   1.3186982314E-01  -1.2254402597E-08  -1.2776278614E-08

#
# The atoms: label  mass x y z (in bohrs)
#
$atoms
3
 O     15.99900     -2.198329689208    -0.000000018014     0.000000007679
 C     12.01100      0.000000003194     0.000000047989    -0.000000020456
 O     15.99900      2.198329686810    -0.000000018014     0.000000007679

$actual_temperature
  0.000000

$frequency_scale_factor
  1.000000

$dipole_derivatives
9
   -1.1708733113E+00   -2.2686218666E-08   -3.6818506325E-09
   -3.1741983562E-07   -2.7087083549E-01    9.5144934029E-10
    1.5321702033E-07    7.9022341947E-10   -2.7087082894E-01
    2.3417481302E+00    8.5721548547E-08   -3.7518387387E-09
    5.4818822363E-07    5.4180302726E-01   -2.0314059134E-10
   -1.4332736125E-07   -2.2838516469E-10    5.4180301856E-01
   -1.1708733014E+00   -6.4360028867E-08    7.5051020454E-09
   -2.5953675581E-07   -2.7087079045E-01   -6.4828871066E-10
   -1.2370128297E-09   -7.1080553994E-10   -2.7087078815E-01

#
# The IR spectrum
#  wavenumber eps Int TX TY TZ
#
$ir_spectrum
9
      0.00   0.00000000   0.00000000     0.000000     0.000000     0.000000
      0.00   0.00000000   0.00000000     0.000000     0.000000     0.000000
      0.00   0.00000000   0.00000000     0.000000     0.000000     0.000000
      0.00   0.00000000   0.00000000     0.000000     0.000000     0.000000
      0.00   0.00000000   0.00000000     0.000000     0.000000     0.000000
    652.11   0.00648406  32.76775697     0.000000     0.022156     0.051108
    652.11   0.00648406  32.76775773     0.000000     0.051108    -0.022156
   1387.79   0.00000000   0.00000000    -0.000000     0.000000     0.000000
   2469.90   0.12113536 612.16845624    -0.123714    -0.000000     0.000000


$end

